{
 "cells": [
  {
   "cell_type": "markdown",
   "id": "d440ea86-04f9-40aa-b3d9-a19e9af6c254",
   "metadata": {},
   "source": [
    "# Anna Gerasimenko, Cholesky Decomposition Homework."
   ]
  },
  {
   "cell_type": "markdown",
   "id": "59a584b3-f71a-4754-911f-cd826c398cc1",
   "metadata": {},
   "source": [
    "# We start with generating a random symmetric matrix"
   ]
  },
  {
   "cell_type": "code",
   "execution_count": 1,
   "id": "f5fe41e3-2c79-4e7f-a867-def081583830",
   "metadata": {},
   "outputs": [],
   "source": [
    "import numpy as np \n",
    "#need this for matrix manipulations\n",
    "import time #for timing performance"
   ]
  },
  {
   "cell_type": "markdown",
   "id": "1d315dba-a4cf-46ac-a58c-3cda32eeb084",
   "metadata": {},
   "source": [
    "## For the testing part, we will stick to matrix of integers"
   ]
  },
  {
   "cell_type": "code",
   "execution_count": 2,
   "id": "30f29dcf-c493-46f6-878f-11ac80772625",
   "metadata": {},
   "outputs": [],
   "source": [
    "half = np.random.randint(1,10,size = (3,3)) #genera\n",
    "A = half @ half.T"
   ]
  },
  {
   "cell_type": "code",
   "execution_count": 3,
   "id": "730309f6-9be4-4614-badb-2cb65c504bdc",
   "metadata": {},
   "outputs": [
    {
     "name": "stdout",
     "output_type": "stream",
     "text": [
      "[[ 9 19  9]\n",
      " [19 50 20]\n",
      " [ 9 20 11]]\n"
     ]
    }
   ],
   "source": [
    "print(A)"
   ]
  },
  {
   "cell_type": "code",
   "execution_count": 4,
   "id": "b4247ff6-bb7d-487f-8f34-51f42f0ba709",
   "metadata": {},
   "outputs": [
    {
     "name": "stdout",
     "output_type": "stream",
     "text": [
      "3\n"
     ]
    }
   ],
   "source": [
    "n = len(A)\n",
    "print(n)"
   ]
  },
  {
   "cell_type": "code",
   "execution_count": 5,
   "id": "d78c307c-be0d-418e-b514-2c17cc901b07",
   "metadata": {},
   "outputs": [],
   "source": [
    "#initializing empty matrix for Lower triangular\n",
    "L = np.zeros((n,n))"
   ]
  },
  {
   "cell_type": "code",
   "execution_count": 6,
   "id": "8045b33b-6f35-4436-aa52-7813ecc762a3",
   "metadata": {},
   "outputs": [
    {
     "name": "stdout",
     "output_type": "stream",
     "text": [
      "[[0. 0. 0.]\n",
      " [0. 0. 0.]\n",
      " [0. 0. 0.]]\n"
     ]
    }
   ],
   "source": [
    "print(L)"
   ]
  },
  {
   "cell_type": "markdown",
   "id": "d5d2651c-b4a5-4bea-bfcd-fe9bbcb956fa",
   "metadata": {},
   "source": [
    "## We first will create a function that \"talks\" to us and explain each step it is at."
   ]
  },
  {
   "cell_type": "code",
   "execution_count": 7,
   "id": "3b5b8e39-c4e1-46d0-a9ad-b339b4e44c43",
   "metadata": {},
   "outputs": [],
   "source": [
    "def cholesky_annotated(A):\n",
    "    for i in range(n): \n",
    "        print(f\"Row {i+1} out of {n}\")\n",
    "        for k in range(i+1):\n",
    "            print(f\"  Column {k+1} (filling {k+1}/{i+1} elements in this row)\")\n",
    "            sum_var = sum(L[i][j] * L[k][j] for j in range(k)) \n",
    "            \n",
    "            if (i == k):\n",
    "                print(f\"  Diagonal element L[{i+1}][{k+1}]\")\n",
    "                L[i][k] = np.sqrt(A[i][i] - sum_var)\n",
    "                print(f\"  Value: {L[i][k]}\")\n",
    "            else:\n",
    "                print(f\"  Below-diagonal element L[{i+1}][{k+1}]\")\n",
    "                L[i][k] = (1/L[k][k]) * (A[i][k] - sum_var)\n",
    "                print(f\"  Value: {L[i][k]}\")\n",
    "    return L\n"
   ]
  },
  {
   "cell_type": "markdown",
   "id": "c2114232-ab4a-49ef-8b9a-82d7ca7025b0",
   "metadata": {},
   "source": [
    "### Let's run the function on our matrix A and see what it says to us"
   ]
  },
  {
   "cell_type": "code",
   "execution_count": 8,
   "id": "c2bfb189-541b-40c8-985e-7e77acc9cb47",
   "metadata": {},
   "outputs": [
    {
     "name": "stdout",
     "output_type": "stream",
     "text": [
      "Row 1 out of 3\n",
      "  Column 1 (filling 1/1 elements in this row)\n",
      "  Diagonal element L[1][1]\n",
      "  Value: 3.0\n",
      "Row 2 out of 3\n",
      "  Column 1 (filling 1/2 elements in this row)\n",
      "  Below-diagonal element L[2][1]\n",
      "  Value: 6.333333333333333\n",
      "  Column 2 (filling 2/2 elements in this row)\n",
      "  Diagonal element L[2][2]\n",
      "  Value: 3.144660377352202\n",
      "Row 3 out of 3\n",
      "  Column 1 (filling 1/3 elements in this row)\n",
      "  Below-diagonal element L[3][1]\n",
      "  Value: 3.0\n",
      "  Column 2 (filling 2/3 elements in this row)\n",
      "  Below-diagonal element L[3][2]\n",
      "  Value: 0.3179993640019079\n",
      "  Column 3 (filling 3/3 elements in this row)\n",
      "  Diagonal element L[3][3]\n",
      "  Value: 1.3779972440082682\n"
     ]
    }
   ],
   "source": [
    "L = cholesky_annotated(A)"
   ]
  },
  {
   "cell_type": "code",
   "execution_count": 9,
   "id": "58a022f9-a55d-4a8c-9166-fb84b05d3212",
   "metadata": {},
   "outputs": [
    {
     "name": "stdout",
     "output_type": "stream",
     "text": [
      "[[3.         0.         0.        ]\n",
      " [6.33333333 3.14466038 0.        ]\n",
      " [3.         0.31799936 1.37799724]]\n"
     ]
    }
   ],
   "source": [
    "print(L)"
   ]
  },
  {
   "cell_type": "markdown",
   "id": "114be359-74f8-422f-b36c-b2f149e3073f",
   "metadata": {},
   "source": [
    "### Is this correct? Let's check by multyply L with transpose of L to see if we will get our matrix A back"
   ]
  },
  {
   "cell_type": "code",
   "execution_count": 10,
   "id": "3e65b9f6-f75a-4396-b5fd-99cafa9b3395",
   "metadata": {},
   "outputs": [],
   "source": [
    "A1 = L @ L.T"
   ]
  },
  {
   "cell_type": "code",
   "execution_count": 11,
   "id": "c1af8c08-e226-4766-95b5-55eac79e60cc",
   "metadata": {},
   "outputs": [
    {
     "name": "stdout",
     "output_type": "stream",
     "text": [
      "[[ 9. 19.  9.]\n",
      " [19. 50. 20.]\n",
      " [ 9. 20. 11.]]\n"
     ]
    }
   ],
   "source": [
    "print(A1)"
   ]
  },
  {
   "cell_type": "markdown",
   "id": "65a0e64f-267b-4e29-a119-55da514b057c",
   "metadata": {},
   "source": [
    "## Let's check if we generate PD matrix A from normal distribution as told in the Homework statement"
   ]
  },
  {
   "cell_type": "code",
   "execution_count": 12,
   "id": "53f938db-0ca7-458c-89a0-61d15ba9e85c",
   "metadata": {},
   "outputs": [],
   "source": [
    "k = 10\n",
    "half = np.random.normal(size = (k,k))\n",
    "A = half @ half.T"
   ]
  },
  {
   "cell_type": "code",
   "execution_count": 13,
   "id": "d8852c33-1b5c-4802-8712-2bce87110ca0",
   "metadata": {},
   "outputs": [],
   "source": [
    "def print_matrix(mat): #defining function for convenient printing of large functions\n",
    "    for row in mat:\n",
    "        for el in row:\n",
    "            print(f\"{el:.3f}\", end = \" \")\n",
    "        print()\n",
    "    "
   ]
  },
  {
   "cell_type": "code",
   "execution_count": 14,
   "id": "3efc7ea2-0388-46e8-a42f-9bbd811207f3",
   "metadata": {},
   "outputs": [
    {
     "name": "stdout",
     "output_type": "stream",
     "text": [
      "11.852 -3.108 1.117 -3.760 1.019 4.386 3.588 -0.068 4.125 -1.144 \n",
      "-3.108 8.780 3.445 3.342 2.706 0.073 0.077 -0.854 -0.177 -1.806 \n",
      "1.117 3.445 4.103 0.559 4.559 1.179 -0.609 0.799 2.227 0.349 \n",
      "-3.760 3.342 0.559 7.443 -0.078 -0.817 -2.485 -2.082 -2.459 -1.105 \n",
      "1.019 2.706 4.559 -0.078 10.380 -3.651 -4.796 2.160 6.060 -1.393 \n",
      "4.386 0.073 1.179 -0.817 -3.651 11.204 6.063 -2.543 0.846 -2.617 \n",
      "3.588 0.077 -0.609 -2.485 -4.796 6.063 10.584 -3.202 0.693 -4.150 \n",
      "-0.068 -0.854 0.799 -2.082 2.160 -2.543 -3.202 3.857 -0.037 3.632 \n",
      "4.125 -0.177 2.227 -2.459 6.060 0.846 0.693 -0.037 7.212 -4.677 \n",
      "-1.144 -1.806 0.349 -1.105 -1.393 -2.617 -4.150 3.632 -4.677 10.675 \n"
     ]
    }
   ],
   "source": [
    "show1 = print_matrix(A)"
   ]
  },
  {
   "cell_type": "code",
   "execution_count": 15,
   "id": "ec3a8a53-3bd4-4bfc-b0c4-141a7d742f97",
   "metadata": {},
   "outputs": [],
   "source": [
    "#lets define cholesky without annotations\n",
    "def cholesky(A):\n",
    "    n = len(A)\n",
    "    L = np.zeros((n, n))\n",
    "    for i in range(n): \n",
    "         for k in range(i+1):\n",
    "            sum_var = sum(L[i][j] * L[k][j] for j in range(k)) \n",
    "            \n",
    "            if (i == k):\n",
    "                L[i][k] = np.sqrt(A[i][i] - sum_var)\n",
    "            else:\n",
    "                L[i][k] = (1/L[k][k]) * (A[i][k] - sum_var)\n",
    "    return L"
   ]
  },
  {
   "cell_type": "code",
   "execution_count": 16,
   "id": "9f5f789a-5831-44ad-973e-8fcd14adb0df",
   "metadata": {},
   "outputs": [],
   "source": [
    "L = cholesky(A)"
   ]
  },
  {
   "cell_type": "code",
   "execution_count": 17,
   "id": "57a23598-97c4-453b-b5e7-80fe08d71900",
   "metadata": {},
   "outputs": [
    {
     "name": "stdout",
     "output_type": "stream",
     "text": [
      "3.443 0.000 0.000 0.000 0.000 0.000 0.000 0.000 0.000 0.000 \n",
      "-0.903 2.822 0.000 0.000 0.000 0.000 0.000 0.000 0.000 0.000 \n",
      "0.325 1.324 1.498 0.000 0.000 0.000 0.000 0.000 0.000 0.000 \n",
      "-1.092 0.835 -0.129 2.353 0.000 0.000 0.000 0.000 0.000 0.000 \n",
      "0.296 1.053 2.048 -0.158 2.228 0.000 0.000 0.000 0.000 0.000 \n",
      "1.274 0.433 0.128 0.097 -2.124 2.204 0.000 0.000 0.000 0.000 \n",
      "1.042 0.361 -0.951 -0.753 -1.641 0.585 2.205 0.000 0.000 0.000 \n",
      "-0.020 -0.309 0.811 -0.740 0.320 -0.787 -0.848 1.056 0.000 0.000 \n",
      "1.198 0.320 0.944 -0.551 1.503 1.046 0.755 -0.100 0.740 0.000 \n",
      "-0.332 -0.746 0.965 -0.306 -1.137 -1.987 -1.610 -0.170 -0.182 1.043 \n"
     ]
    }
   ],
   "source": [
    "show2 = print_matrix(L)"
   ]
  },
  {
   "cell_type": "code",
   "execution_count": 18,
   "id": "ffef13ec-d5ee-40f0-8322-59f24835bef0",
   "metadata": {},
   "outputs": [
    {
     "name": "stdout",
     "output_type": "stream",
     "text": [
      "11.852 -3.108 1.117 -3.760 1.019 4.386 3.588 -0.068 4.125 -1.144 \n",
      "-3.108 8.780 3.445 3.342 2.706 0.073 0.077 -0.854 -0.177 -1.806 \n",
      "1.117 3.445 4.103 0.559 4.559 1.179 -0.609 0.799 2.227 0.349 \n",
      "-3.760 3.342 0.559 7.443 -0.078 -0.817 -2.485 -2.082 -2.459 -1.105 \n",
      "1.019 2.706 4.559 -0.078 10.380 -3.651 -4.796 2.160 6.060 -1.393 \n",
      "4.386 0.073 1.179 -0.817 -3.651 11.204 6.063 -2.543 0.846 -2.617 \n",
      "3.588 0.077 -0.609 -2.485 -4.796 6.063 10.584 -3.202 0.693 -4.150 \n",
      "-0.068 -0.854 0.799 -2.082 2.160 -2.543 -3.202 3.857 -0.037 3.632 \n",
      "4.125 -0.177 2.227 -2.459 6.060 0.846 0.693 -0.037 7.212 -4.677 \n",
      "-1.144 -1.806 0.349 -1.105 -1.393 -2.617 -4.150 3.632 -4.677 10.675 \n"
     ]
    }
   ],
   "source": [
    "A1 = L@L.T\n",
    "show3 = print_matrix(A1)"
   ]
  },
  {
   "cell_type": "markdown",
   "id": "edde7fd6-027c-4beb-84a7-1a8230ffc473",
   "metadata": {},
   "source": [
    "# Lets compare performances of my function vs np.linalg.cholesky\n"
   ]
  },
  {
   "cell_type": "markdown",
   "id": "e612a492-13c3-4645-91d1-e83fb96f6447",
   "metadata": {},
   "source": [
    "#### For 10X10 matrix"
   ]
  },
  {
   "cell_type": "code",
   "execution_count": 19,
   "id": "5829c0ac-a8bc-4199-a13a-3bbebe8e5068",
   "metadata": {},
   "outputs": [],
   "source": [
    "k = 10\n",
    "half = np.random.normal(size = (k,k))\n",
    "A = half @ half.T"
   ]
  },
  {
   "cell_type": "code",
   "execution_count": 20,
   "id": "a0050ef2-8021-4400-9874-0f877ddd5ec5",
   "metadata": {},
   "outputs": [],
   "source": [
    "st_t = time.time()\n",
    "L = cholesky(A)\n",
    "end_t = time.time()"
   ]
  },
  {
   "cell_type": "code",
   "execution_count": 21,
   "id": "d3da93f7-32db-41bb-90ca-786c69301939",
   "metadata": {},
   "outputs": [],
   "source": [
    "st_t2 = time.time()\n",
    "L1 = np.linalg.cholesky(A)\n",
    "end_t2 = time.time()"
   ]
  },
  {
   "cell_type": "code",
   "execution_count": 22,
   "id": "df6896d1-58c5-4b9c-91ab-6ae88d29b2d5",
   "metadata": {},
   "outputs": [
    {
     "name": "stdout",
     "output_type": "stream",
     "text": [
      "Let's review the results...\n",
      "Given matrix A...\n",
      "\n",
      "14.760 2.168 -2.005 -0.356 3.499 2.497 0.325 3.883 0.544 -5.195 \n",
      "2.168 10.409 -0.620 5.357 1.122 7.228 5.446 3.717 2.695 5.137 \n",
      "-2.005 -0.620 9.273 -7.564 -1.678 -1.292 -2.212 -0.978 -1.412 1.098 \n",
      "-0.356 5.357 -7.564 20.300 2.756 1.965 2.941 3.908 4.181 2.060 \n",
      "3.499 1.122 -1.678 2.756 6.576 2.151 0.804 0.018 -0.355 -0.135 \n",
      "2.497 7.228 -1.292 1.965 2.151 12.868 3.678 3.766 -3.374 7.081 \n",
      "0.325 5.446 -2.212 2.941 0.804 3.678 7.962 -0.054 -3.017 3.956 \n",
      "3.883 3.717 -0.978 3.908 0.018 3.766 -0.054 5.578 0.158 4.026 \n",
      "0.544 2.695 -1.412 4.181 -0.355 -3.374 -3.017 0.158 12.229 -6.188 \n",
      "-5.195 5.137 1.098 2.060 -0.135 7.081 3.956 4.026 -6.188 17.424 \n",
      "\n",
      "Cholesky decomposition via manual function cholesky\n",
      "\n",
      "3.842 0.000 0.000 0.000 0.000 0.000 0.000 0.000 0.000 0.000 \n",
      "0.564 3.177 0.000 0.000 0.000 0.000 0.000 0.000 0.000 0.000 \n",
      "-0.522 -0.103 2.998 0.000 0.000 0.000 0.000 0.000 0.000 0.000 \n",
      "-0.093 1.703 -2.481 3.352 0.000 0.000 0.000 0.000 0.000 0.000 \n",
      "0.911 0.191 -0.395 0.458 2.312 0.000 0.000 0.000 0.000 0.000 \n",
      "0.650 2.160 -0.244 -0.673 0.587 2.631 0.000 0.000 0.000 0.000 \n",
      "0.085 1.699 -0.665 -0.476 0.155 -0.236 2.078 0.000 0.000 0.000 \n",
      "1.011 0.991 -0.116 0.604 -0.612 0.649 -0.657 1.403 0.000 0.000 \n",
      "0.142 0.823 -0.418 0.523 -0.453 -1.797 -2.315 -1.280 0.807 0.000 \n",
      "-1.352 1.857 0.194 -0.223 0.398 1.373 0.577 2.452 -0.255 1.899 \n",
      "\n",
      "Cholesky descompostion via numpy package\n",
      "\n",
      "3.842 0.000 0.000 0.000 0.000 0.000 0.000 0.000 0.000 0.000 \n",
      "0.564 3.177 0.000 0.000 0.000 0.000 0.000 0.000 0.000 0.000 \n",
      "-0.522 -0.103 2.998 0.000 0.000 0.000 0.000 0.000 0.000 0.000 \n",
      "-0.093 1.703 -2.481 3.352 0.000 0.000 0.000 0.000 0.000 0.000 \n",
      "0.911 0.191 -0.395 0.458 2.312 0.000 0.000 0.000 0.000 0.000 \n",
      "0.650 2.160 -0.244 -0.673 0.587 2.631 0.000 0.000 0.000 0.000 \n",
      "0.085 1.699 -0.665 -0.476 0.155 -0.236 2.078 0.000 0.000 0.000 \n",
      "1.011 0.991 -0.116 0.604 -0.612 0.649 -0.657 1.403 0.000 0.000 \n",
      "0.142 0.823 -0.418 0.523 -0.453 -1.797 -2.315 -1.280 0.807 0.000 \n",
      "-1.352 1.857 0.194 -0.223 0.398 1.373 0.577 2.452 -0.255 1.899 \n"
     ]
    }
   ],
   "source": [
    "print(\"Let's review the results...\")\n",
    "print(\"Given matrix A...\")\n",
    "print()\n",
    "show4 = print_matrix(A)\n",
    "print()\n",
    "print(\"Cholesky decomposition via manual function cholesky\")\n",
    "print()\n",
    "show5 = print_matrix(L)\n",
    "print()\n",
    "print(\"Cholesky descompostion via numpy package\")\n",
    "print()\n",
    "show6 = print_matrix(L1)"
   ]
  },
  {
   "cell_type": "code",
   "execution_count": 23,
   "id": "433a930b-2977-4718-bdcf-08f02c6b41e7",
   "metadata": {},
   "outputs": [
    {
     "name": "stdout",
     "output_type": "stream",
     "text": [
      "Numpy took 0.0001931 seconds to find Cholesky decompostion of 3 X 3 matrix A\n",
      "My function took 0.0003870 seconds to find Cholesky decompostion of 3 X 3 matrix A\n"
     ]
    }
   ],
   "source": [
    "time_man = end_t - st_t\n",
    "time_numpy = end_t2 - st_t2\n",
    "print(f\"Numpy took {time_numpy:.7f} seconds to find Cholesky decompostion of {n} X {n} matrix A\")\n",
    "print(f\"My function took {time_man:.7f} seconds to find Cholesky decompostion of {n} X {n} matrix A\")"
   ]
  },
  {
   "cell_type": "markdown",
   "id": "9a2f9347-f762-466f-9f26-9e1c8d4b8ccc",
   "metadata": {},
   "source": [
    "#### For 100X100 matrices"
   ]
  },
  {
   "cell_type": "code",
   "execution_count": 24,
   "id": "1f3fd86f-7a8e-4744-bc01-30b09654621c",
   "metadata": {},
   "outputs": [],
   "source": [
    "k = 100\n",
    "half = np.random.normal(size = (k,k))\n",
    "A = half @ half.T\n",
    "st_t = time.time()\n",
    "L = cholesky(A)\n",
    "end_t = time.time()\n",
    "st_t2 = time.time()\n",
    "L1 = np.linalg.cholesky(A)\n",
    "end_t2 = time.time()"
   ]
  },
  {
   "cell_type": "code",
   "execution_count": 25,
   "id": "e89953a2-a7bd-45aa-8285-258d8c45ebcb",
   "metadata": {},
   "outputs": [
    {
     "name": "stdout",
     "output_type": "stream",
     "text": [
      "Numpy took 0.0003152 seconds to find Cholesky decompostion of 3 X 3 matrix A\n",
      "My function took 0.0905681 seconds to find Cholesky decompostion of 3 X 3 matrix A\n"
     ]
    }
   ],
   "source": [
    "time_man = end_t - st_t\n",
    "time_numpy = end_t2 - st_t2\n",
    "print(f\"Numpy took {time_numpy:.7f} seconds to find Cholesky decompostion of {n} X {n} matrix A\")\n",
    "print(f\"My function took {time_man:.7f} seconds to find Cholesky decompostion of {n} X {n} matrix A\")"
   ]
  },
  {
   "cell_type": "markdown",
   "id": "c17cae55-2fd4-4477-b5f9-e4977afd08d9",
   "metadata": {},
   "source": [
    "#### For 1000X1000 matrices"
   ]
  },
  {
   "cell_type": "code",
   "execution_count": 26,
   "id": "9dab73fb-2912-4c23-9013-79673d3e65fc",
   "metadata": {},
   "outputs": [
    {
     "name": "stdout",
     "output_type": "stream",
     "text": [
      "Numpy took 0.0002692 seconds to find Cholesky decompostion of 3 X 3 matrix A\n",
      "My function took 0.0878830 seconds to find Cholesky decompostion of 3 X 3 matrix A\n"
     ]
    }
   ],
   "source": [
    "k = 100\n",
    "half = np.random.normal(size = (k,k))\n",
    "A = half @ half.T\n",
    "st_t = time.time()\n",
    "L = cholesky(A)\n",
    "end_t = time.time()\n",
    "st_t2 = time.time()\n",
    "L1 = np.linalg.cholesky(A)\n",
    "end_t2 = time.time()\n",
    "\n",
    "time_man = end_t - st_t\n",
    "time_numpy = end_t2 - st_t2\n",
    "print(f\"Numpy took {time_numpy:.7f} seconds to find Cholesky decompostion of {n} X {n} matrix A\")\n",
    "print(f\"My function took {time_man:.7f} seconds to find Cholesky decompostion of {n} X {n} matrix A\")"
   ]
  },
  {
   "cell_type": "markdown",
   "id": "ee68767d-6c7c-4b99-b966-d30830438e4e",
   "metadata": {},
   "source": [
    "# Part 2: Computing Determinant and Inverse"
   ]
  },
  {
   "cell_type": "markdown",
   "id": "5d7d0b23-69ae-4260-8a05-1537e31a334f",
   "metadata": {},
   "source": [
    "### Lets write a cofactor-expansion function to calculate the determinant of the function"
   ]
  },
  {
   "cell_type": "code",
   "execution_count": 27,
   "id": "cd5e9fad-9c13-4488-8d25-445ee8796f7b",
   "metadata": {},
   "outputs": [
    {
     "name": "stdout",
     "output_type": "stream",
     "text": [
      "5.000 6.000 \n",
      "8.000 9.000 \n"
     ]
    }
   ],
   "source": [
    "#some thinking out loud\n",
    "mat = [[1,2,3],[4,5,6],[7,8,9]]\n",
    "#let's remove row 1 and column 1\n",
    "#python has 0 indexing\n",
    "mat1 = mat[:0]+mat[0+1:]\n",
    "mat1 = [row[:0]+row[0+1:] for row in mat1]\n",
    "show8 = print_matrix(mat1)"
   ]
  },
  {
   "cell_type": "code",
   "execution_count": 28,
   "id": "29eb3c2e-2a2e-44c3-9695-6bdeaae00588",
   "metadata": {},
   "outputs": [],
   "source": [
    "#define function for calculating matrices that are generated when ith row and jth row are removed \n",
    "def minor(mat,r,c): # r is  the row to remove and c is the column to remove\n",
    "    mat = [row[:c]+row[c+1:] for row in (mat[:r]+mat[r+1:])]\n",
    "    return mat\n",
    "\n",
    "#now lets use it in the determinant function \n",
    "def determinant(mat):\n",
    "    n = len(mat)\n",
    "    if n == 1:\n",
    "        return mat[0][0]\n",
    "    det = 0 #initialize at 0\n",
    "    for cofactor in range(n): #number of cofactors because we expanding along row 0 => 0+c  = c\n",
    "        det += ((-1)**cofactor) * mat[0][cofactor] * determinant(minor(mat,0,cofactor))\n",
    "        # mat[0][cofactor] is expanding along the first row\n",
    "        # determinant(minor(mat,0,cofactor)) is recursively calling the function on all the minors\n",
    "    return det"
   ]
  },
  {
   "cell_type": "markdown",
   "id": "47d08c7b-64d9-40ea-b5b0-263c5dbf8da6",
   "metadata": {},
   "source": [
    "#### Is det(A) = det(L)^2?"
   ]
  },
  {
   "cell_type": "code",
   "execution_count": 29,
   "id": "be1e5d36-d5cb-479d-bbd1-2e08df2c7a5e",
   "metadata": {},
   "outputs": [],
   "source": [
    "k = 5\n",
    "half = np.random.normal(size = (k,k))\n",
    "A = half @ half.T\n",
    "L = cholesky(A)"
   ]
  },
  {
   "cell_type": "code",
   "execution_count": 30,
   "id": "795ca258-1f48-430d-8c6b-f21c7f411c1a",
   "metadata": {},
   "outputs": [
    {
     "name": "stdout",
     "output_type": "stream",
     "text": [
      "Determinant of A is 4.08632\n",
      "Determinant of L squared is 4.08632\n"
     ]
    }
   ],
   "source": [
    "det1 = determinant(A.tolist()) #converting numpy array to regular python matrix\n",
    "det2 = determinant(L.tolist())**2 #converting numpy array to regular python matrix\n",
    "print(f\"Determinant of A is {det1:.5f}\")\n",
    "print(f\"Determinant of L squared is {det2:.5f}\")"
   ]
  },
  {
   "cell_type": "markdown",
   "id": "8d662f68-a8ea-42fd-ae4b-5d630bbc2adf",
   "metadata": {},
   "source": [
    "#### Is det(L) = product of digonal entries? "
   ]
  },
  {
   "cell_type": "code",
   "execution_count": 31,
   "id": "3fc6c567-97b2-475e-8882-d7c458bfec56",
   "metadata": {},
   "outputs": [],
   "source": [
    "#retrieving diagonal values of L\n",
    "def diagonal(mat):\n",
    "    return [mat[i][i] for i in range(len(mat))]\n",
    "\n"
   ]
  },
  {
   "cell_type": "code",
   "execution_count": 32,
   "id": "91b9e361-2e5c-4327-a9c1-c03aa536c253",
   "metadata": {},
   "outputs": [
    {
     "name": "stdout",
     "output_type": "stream",
     "text": [
      "1.846 0.000 0.000 0.000 0.000 \n",
      "-0.409 1.712 0.000 0.000 0.000 \n",
      "-0.427 0.115 2.541 0.000 0.000 \n",
      "-0.707 -1.389 1.099 0.596 0.000 \n",
      "-1.083 0.144 0.359 0.678 0.422 \n"
     ]
    }
   ],
   "source": [
    "show10 = print_matrix(L)"
   ]
  },
  {
   "cell_type": "code",
   "execution_count": 33,
   "id": "1b9ec483-0333-449b-8004-53813544738b",
   "metadata": {},
   "outputs": [
    {
     "name": "stdout",
     "output_type": "stream",
     "text": [
      "[np.float64(1.8462433283843553), np.float64(1.711806646586335), np.float64(2.540878445741257), np.float64(0.5962660465737513), np.float64(0.42218105700815367)]\n"
     ]
    }
   ],
   "source": [
    "diagonal_L = diagonal(L)\n",
    "print(diagonal_L)"
   ]
  },
  {
   "cell_type": "code",
   "execution_count": 34,
   "id": "c5fe4429-dedc-4bed-a298-1e8f52670e18",
   "metadata": {},
   "outputs": [
    {
     "name": "stdout",
     "output_type": "stream",
     "text": [
      "The profuct of the diagonal elements is 2.02147\n",
      "The determinant of L is 2.02147\n"
     ]
    }
   ],
   "source": [
    "print(f\"The profuct of the diagonal elements is {np.prod(diagonal_L):.5f}\")\n",
    "print(f\"The determinant of L is {determinant(L.tolist()):.5f}\")"
   ]
  },
  {
   "cell_type": "markdown",
   "id": "67658243-4dba-41ec-9537-b6de38cf5917",
   "metadata": {},
   "source": [
    "#### Therefore, we proved that determinant of L is a product of its diagonal elements."
   ]
  },
  {
   "cell_type": "markdown",
   "id": "43d2d83b-a39a-4d44-a600-8c7b32825569",
   "metadata": {},
   "source": [
    "## Part 2, b "
   ]
  },
  {
   "cell_type": "code",
   "execution_count": 35,
   "id": "b6850961-9f3b-4dcc-b076-4386fd99622a",
   "metadata": {},
   "outputs": [],
   "source": [
    "#lets define a function that inverts matrix using Cholesky decompostions\n",
    "# A @ A^-1 = I \n",
    "# A = L@L.T\n",
    "# A^-1 = (L^-1).T @ L^-1\n",
    "def invert_via_cholesky(A):\n",
    "    n = len(A)\n",
    "    L = cholesky(A)\n",
    "    L_inv = np.zeros((n, n)) # initializing L_inverse\n",
    "    \n",
    "    # Compute each column of L^(-1)\n",
    "    for i in range(n):\n",
    "        e_i = np.zeros(n)\n",
    "        e_i[i] = 1.0\n",
    "        y = np.zeros(n) # initializing 0 vector y\n",
    "        \n",
    "        # Solving linear equation L * y = e_i where e_i is the ith column of Identity matrix\n",
    "        for j in range(n):\n",
    "            y[j] = (e_i[j] - sum(L[j][k] * y[k] for k in range(j))) / L[j][j]\n",
    "        \n",
    "        # y is the ith column of L_inverse\n",
    "        L_inv[:,i] = y\n",
    "    \n",
    "    A_inv = L_inv.T @ L_inv\n",
    "    return A_inv"
   ]
  },
  {
   "cell_type": "code",
   "execution_count": 36,
   "id": "aeb163ef-1460-4a1f-a6d1-f00941d3d36e",
   "metadata": {},
   "outputs": [
    {
     "name": "stdout",
     "output_type": "stream",
     "text": [
      "3.409 -0.755 -0.789 -1.305 -1.999 \n",
      "-0.755 3.098 0.372 -2.088 0.689 \n",
      "-0.789 0.372 6.652 2.934 1.391 \n",
      "-1.305 -2.088 2.934 3.992 1.364 \n",
      "-1.999 0.689 1.391 1.364 1.959 \n"
     ]
    }
   ],
   "source": [
    "show10 = print_matrix(A)"
   ]
  },
  {
   "cell_type": "code",
   "execution_count": 37,
   "id": "77db4ed2-7bb4-471f-b9c8-01b663c108ac",
   "metadata": {},
   "outputs": [],
   "source": [
    "st_t = time.time()\n",
    "A_inv = invert_via_cholesky(A)\n",
    "end_t = time.time()\n",
    "\n",
    "st_t2 = time.time()\n",
    "A_inv2 = np.linalg.inv(A)\n",
    "end_t2 = time.time()"
   ]
  },
  {
   "cell_type": "code",
   "execution_count": 38,
   "id": "f63cd592-12ac-4b4c-857c-ebc024512204",
   "metadata": {},
   "outputs": [
    {
     "name": "stdout",
     "output_type": "stream",
     "text": [
      "My function Inverse reuslt\n",
      "0.936 1.156 -0.528 1.291 0.024 \n",
      "1.156 8.278 -3.056 8.929 -5.777 \n",
      "-0.528 -3.056 1.369 -3.449 1.965 \n",
      "1.291 8.929 -3.449 10.058 -6.376 \n",
      "0.024 -5.777 1.965 -6.376 5.611 \n",
      "\n",
      "Numpy Inverse result\n",
      "0.936 1.156 -0.528 1.291 0.024 \n",
      "1.156 8.278 -3.056 8.929 -5.777 \n",
      "-0.528 -3.056 1.369 -3.449 1.965 \n",
      "1.291 8.929 -3.449 10.058 -6.376 \n",
      "0.024 -5.777 1.965 -6.376 5.611 \n"
     ]
    }
   ],
   "source": [
    "print(\"My function Inverse reuslt\")\n",
    "show11 = print_matrix(A_inv)\n",
    "print()\n",
    "print(\"Numpy Inverse result\")\n",
    "show12 = print_matrix(A_inv2)\n"
   ]
  },
  {
   "cell_type": "code",
   "execution_count": 39,
   "id": "82375186-84b1-43d1-9238-b5cfea169e22",
   "metadata": {},
   "outputs": [
    {
     "name": "stdout",
     "output_type": "stream",
     "text": [
      "Numpy took 0.0001352 seconds to find Cholesky decompostion of 3 X 3 matrix A\n",
      "My function took 0.0002820 seconds to find Cholesky decompostion of 3 X 3 matrix A\n"
     ]
    }
   ],
   "source": [
    "time_man = end_t - st_t\n",
    "time_numpy = end_t2 - st_t2\n",
    "print(f\"Numpy took {time_numpy:.7f} seconds to find Cholesky decompostion of {n} X {n} matrix A\")\n",
    "print(f\"My function took {time_man:.7f} seconds to find Cholesky decompostion of {n} X {n} matrix A\")"
   ]
  },
  {
   "cell_type": "markdown",
   "id": "45e64422-c3da-42b0-9462-1f0ce71ad5f2",
   "metadata": {},
   "source": [
    "#### For 10x10 matrix"
   ]
  },
  {
   "cell_type": "code",
   "execution_count": 45,
   "id": "4f3cb5fe-fd3a-4066-8220-15ed6ba734ad",
   "metadata": {},
   "outputs": [
    {
     "name": "stdout",
     "output_type": "stream",
     "text": [
      "\n",
      "Numpy took 0.0001271 seconds to find Cholesky decompostion of 3 X 3 matrix A\n",
      "My function took 0.0006161 seconds to find Cholesky decompostion of 3 X 3 matrix A\n"
     ]
    }
   ],
   "source": [
    "k = 10\n",
    "half = np.random.normal(size = (k,k))\n",
    "A = half @ half.T\n",
    "print()\n",
    "st_t = time.time()\n",
    "A_inv = invert_via_cholesky(A)\n",
    "end_t = time.time()\n",
    "\n",
    "st_t2 = time.time()\n",
    "A_inv2 = np.linalg.inv(A)\n",
    "end_t2 = time.time()\n",
    "\n",
    "time_man = end_t - st_t\n",
    "time_numpy = end_t2 - st_t2\n",
    "print(f\"Numpy took {time_numpy:.7f} seconds to find Cholesky decompostion of {n} X {n} matrix A\")\n",
    "print(f\"My function took {time_man:.7f} seconds to find Cholesky decompostion of {n} X {n} matrix A\")"
   ]
  },
  {
   "cell_type": "markdown",
   "id": "b106748d-887e-4770-8194-75374414731f",
   "metadata": {},
   "source": [
    "#### For 100x100 matrix"
   ]
  },
  {
   "cell_type": "code",
   "execution_count": 41,
   "id": "af3b8279-d082-4a70-8ef4-0b53cec598f0",
   "metadata": {},
   "outputs": [
    {
     "name": "stdout",
     "output_type": "stream",
     "text": [
      "\n",
      "Numpy took 0.0004380 seconds to find Cholesky decompostion of 3 X 3 matrix A\n",
      "My function took 0.2790840 seconds to find Cholesky decompostion of 3 X 3 matrix A\n"
     ]
    }
   ],
   "source": [
    "k = 100\n",
    "half = np.random.normal(size = (k,k))\n",
    "A = half @ half.T\n",
    "# print(\"matrix A\")\n",
    "# show13 = print_matrix(A)\n",
    "print()\n",
    "st_t = time.time()\n",
    "A_inv = invert_via_cholesky(A)\n",
    "end_t = time.time()\n",
    "\n",
    "st_t2 = time.time()\n",
    "A_inv2 = np.linalg.inv(A)\n",
    "end_t2 = time.time()\n",
    "\n",
    "time_man = end_t - st_t\n",
    "time_numpy = end_t2 - st_t2\n",
    "print(f\"Numpy took {time_numpy:.7f} seconds to find Cholesky decompostion of {n} X {n} matrix A\")\n",
    "print(f\"My function took {time_man:.7f} seconds to find Cholesky decompostion of {n} X {n} matrix A\")"
   ]
  },
  {
   "cell_type": "markdown",
   "id": "81a6613f-3113-48f0-8fea-8a4946ac911e",
   "metadata": {},
   "source": [
    "#### For 1000X1000 matrix"
   ]
  },
  {
   "cell_type": "code",
   "execution_count": 42,
   "id": "5c099de9-dd78-4f1d-867f-5da3628f1de1",
   "metadata": {},
   "outputs": [
    {
     "name": "stdout",
     "output_type": "stream",
     "text": [
      "\n",
      "Numpy took 0.0300038 seconds to find Cholesky decompostion of 3 X 3 matrix A\n",
      "My function took 279.6978359 seconds to find Cholesky decompostion of 3 X 3 matrix A\n"
     ]
    }
   ],
   "source": [
    "k = 1000\n",
    "half = np.random.normal(size = (k,k))\n",
    "A = half @ half.T\n",
    "# print(\"matrix A\")\n",
    "# show13 = print_matrix(A)\n",
    "print()\n",
    "st_t = time.time()\n",
    "A_inv = invert_via_cholesky(A)\n",
    "end_t = time.time()\n",
    "\n",
    "st_t2 = time.time()\n",
    "A_inv2 = np.linalg.inv(A)\n",
    "end_t2 = time.time()\n",
    "\n",
    "time_man = end_t - st_t\n",
    "time_numpy = end_t2 - st_t2\n",
    "print(f\"Numpy took {time_numpy:.7f} seconds to find Cholesky decompostion of {n} X {n} matrix A\")\n",
    "print(f\"My function took {time_man:.7f} seconds to find Cholesky decompostion of {n} X {n} matrix A\")"
   ]
  },
  {
   "cell_type": "markdown",
   "id": "8a9d9618-5981-4f99-9fdb-bb071ab36ae7",
   "metadata": {},
   "source": [
    "## Conclusion: My function is signficantly slower than numpy implementation"
   ]
  },
  {
   "cell_type": "code",
   "execution_count": null,
   "id": "fe6d8d6f-45ef-4335-97ee-e5bdc53e8fa3",
   "metadata": {},
   "outputs": [],
   "source": []
  }
 ],
 "metadata": {
  "kernelspec": {
   "display_name": "Python 3.12 (kernel2)",
   "language": "python",
   "name": "kernel_new"
  },
  "language_info": {
   "codemirror_mode": {
    "name": "ipython",
    "version": 3
   },
   "file_extension": ".py",
   "mimetype": "text/x-python",
   "name": "python",
   "nbconvert_exporter": "python",
   "pygments_lexer": "ipython3",
   "version": "3.12.7"
  }
 },
 "nbformat": 4,
 "nbformat_minor": 5
}
